1748884670487 1.36622 0
1748884699615 1.15883 1
1748884728652 1.03623 2
1748884757876 0.97599 3
1748884786922 0.97284 4
1748884815921 1.07999 5
1748884845323 1.08086 6
1748884874210 1.03052 7
1748884903144 1.05819 8
1748884932179 1.06174 9
1748884961597 1.18416 10
1748884990574 1.06943 11
1748885019254 1.02273 12
1748885048154 1.00262 13
1748885076890 1.02463 14
1748885105812 0.96447 15
1748885134528 0.93739 16
1748885163665 0.98648 17
1748885192362 0.9525 18
1748885221286 0.92866 19
1748885250419 0.93369 20
1748885279350 0.87265 21
1748885308335 0.88968 22
1748885337014 0.91915 23
1748885365758 0.87276 24
1748885394733 0.85206 25
1748885423519 0.81638 26
1748885452157 0.86319 27
1748885480980 0.80731 28
1748885510010 0.79208 29
1748885538910 0.78763 30
1748885567640 0.76485 31
1748885596343 0.75097 32
1748885625537 0.73338 33
1748885654651 0.74768 34
1748885683613 0.79135 35
1748885712301 0.74638 36
1748885741145 0.73729 37
1748885770044 0.74158 38
1748885798988 0.6834 39
1748885827847 0.72788 40
1748885856878 0.64374 41
1748885885559 0.67842 42
1748885914536 0.64466 43
1748885943476 0.58763 44
1748885972340 0.64828 45
1748886001410 0.63289 46
1748886030529 0.62244 47
1748886059391 0.6377 48
1748886088292 0.62672 49
1748886117235 0.59194 50
1748886146322 0.64364 51
1748886175241 0.59473 52
1748886204538 0.57638 53
1748886233328 0.57718 54
1748886262240 0.55406 55
1748886290945 0.56432 56
1748886320208 0.5654 57
1748886348918 0.59596 58
1748886378044 0.56527 59
1748886407007 0.51916 60
1748886436146 0.59555 61
1748886464946 0.53983 62
1748886498022 0.54569 63
1748886534002 0.5223 64
1748886570246 0.49867 65
1748886606466 0.51957 66
1748886635123 0.50515 67
1748886661251 0.49073 68
1748886687412 0.49801 69
1748886713595 0.47792 70
1748886739870 0.49476 71
1748886765813 0.45431 72
1748886791194 0.46817 73
1748886816587 0.46384 74
1748886841705 0.48195 75
1748886866933 0.45491 76
1748886892254 0.46886 77
1748886918254 0.4535 78
1748886943471 0.44425 79
1748886969019 0.42967 80
1748886994668 0.41622 81
1748887019902 0.40787 82
1748887045295 0.43458 83
1748887070490 0.41049 84
1748887095750 0.41037 85
1748887120987 0.40897 86
1748887145905 0.36529 87
1748887171156 0.3908 88
1748887196370 0.36992 89
1748887221217 0.30189 90
