1748884670487 2.66872 0
1748884699615 1.92668 1
1748884728652 1.6551 2
1748884757876 1.46465 3
1748884786922 1.47168 4
1748884815921 1.55735 5
1748884845323 1.50565 6
1748884874210 1.40283 7
1748884903144 1.38997 8
1748884932179 1.36482 9
1748884961597 1.44347 10
1748884990574 1.33472 11
1748885019254 1.2192 12
1748885048154 1.17885 13
1748885076890 1.13878 14
1748885105812 1.05816 15
1748885134528 1.07803 16
1748885163665 1.07838 17
1748885192362 1.07795 18
1748885221286 1.05595 19
1748885250419 1.02727 20
1748885279350 0.91304 21
1748885308335 0.91358 22
1748885337014 0.95513 23
1748885365758 0.88916 24
1748885394733 0.92416 25
1748885423519 0.86049 26
1748885452157 0.85448 27
1748885480980 0.81004 28
1748885510010 0.77585 29
1748885538910 0.8251 30
1748885567640 0.82212 31
1748885596343 0.77042 32
1748885625537 0.74923 33
1748885654651 0.77823 34
1748885683613 0.76978 35
1748885712301 0.73274 36
1748885741145 0.73418 37
1748885770044 0.70732 38
1748885798988 0.66872 39
1748885827847 0.71762 40
1748885856878 0.63474 41
1748885885559 0.67104 42
1748885914536 0.61336 43
1748885943476 0.57613 44
1748885972340 0.61545 45
1748886001410 0.59969 46
1748886030529 0.59123 47
1748886059391 0.61507 48
1748886088292 0.61494 49
1748886117235 0.54018 50
1748886146322 0.59234 51
1748886175241 0.59549 52
1748886204538 0.56663 53
1748886233328 0.52657 54
1748886262240 0.53529 55
1748886290945 0.53465 56
1748886320208 0.55851 57
1748886348918 0.58872 58
1748886378044 0.57547 59
1748886407007 0.5075 60
1748886436146 0.55888 61
1748886464946 0.55426 62
1748886498022 0.54115 63
1748886534002 0.50102 64
1748886570246 0.47013 65
1748886606466 0.46658 66
1748886635123 0.50336 67
1748886661251 0.45829 68
1748886687412 0.46642 69
1748886713595 0.47559 70
1748886739870 0.48976 71
1748886765813 0.44176 72
1748886791194 0.44271 73
1748886816587 0.44052 74
1748886841705 0.45373 75
1748886866933 0.42838 76
1748886892254 0.46737 77
1748886918254 0.44005 78
1748886943471 0.45601 79
1748886969019 0.39862 80
1748886994668 0.40005 81
1748887019902 0.40619 82
1748887045295 0.42654 83
1748887070490 0.41871 84
1748887095750 0.41162 85
1748887120987 0.39972 86
1748887145905 0.39498 87
1748887171156 0.38189 88
1748887196370 0.37411 89
1748887221217 0.35508 90
