1748884670487 1.816 0
1748884699615 1.5809 1
1748884728652 1.46471 2
1748884757876 1.41508 3
1748884786922 1.4385 4
1748884815921 1.48616 5
1748884845323 1.52457 6
1748884874210 1.44314 7
1748884903144 1.46297 8
1748884932179 1.52523 9
1748884961597 1.55234 10
1748884990574 1.4645 11
1748885019254 1.44962 12
1748885048154 1.40321 13
1748885076890 1.44027 14
1748885105812 1.38256 15
1748885134528 1.39305 16
1748885163665 1.39865 17
1748885192362 1.43481 18
1748885221286 1.35175 19
1748885250419 1.35663 20
1748885279350 1.28481 21
1748885308335 1.3386 22
1748885337014 1.35646 23
1748885365758 1.33375 24
1748885394733 1.30018 25
1748885423519 1.29552 26
1748885452157 1.29906 27
1748885480980 1.2714 28
1748885510010 1.23176 29
1748885538910 1.28024 30
1748885567640 1.26183 31
1748885596343 1.23193 32
1748885625537 1.20963 33
1748885654651 1.26375 34
1748885683613 1.25279 35
1748885712301 1.24543 36
1748885741145 1.21372 37
1748885770044 1.19864 38
1748885798988 1.18638 39
1748885827847 1.25664 40
1748885856878 1.19073 41
1748885885559 1.17917 42
1748885914536 1.16671 43
1748885943476 1.11347 44
1748885972340 1.16424 45
1748886001410 1.1505 46
1748886030529 1.14522 47
1748886059391 1.1515 48
1748886088292 1.14942 49
1748886117235 1.12312 50
1748886146322 1.14982 51
1748886175241 1.12913 52
1748886204538 1.11853 53
1748886233328 1.09693 54
1748886262240 1.1004 55
1748886290945 1.11754 56
1748886320208 1.11831 57
1748886348918 1.13488 58
1748886378044 1.10601 59
1748886407007 1.06567 60
1748886436146 1.10207 61
1748886464946 1.12982 62
1748886498022 1.10726 63
1748886534002 1.10997 64
1748886570246 1.09066 65
1748886606466 1.09116 66
1748886635123 1.06903 67
1748886661251 1.05832 68
1748886687412 1.06896 69
1748886713595 1.05668 70
1748886739870 1.06066 71
1748886765813 1.05812 72
1748886791194 1.05249 73
1748886816587 1.04034 74
1748886841705 1.08342 75
1748886866933 1.06044 76
1748886892254 1.05843 77
1748886918254 1.07267 78
1748886943471 1.04141 79
1748886969019 1.01182 80
1748886994668 1.02374 81
1748887019902 1.01964 82
1748887045295 1.02325 83
1748887070490 1.01416 84
1748887095750 1.01609 85
1748887120987 1.02045 86
1748887145905 1.00521 87
1748887171156 1.02652 88
1748887196370 1.00498 89
1748887221217 0.99883 90
