1748884670487 0.00018 0
1748884699615 0.00037623800000000004 1
1748884728652 0.000568516 2
1748884757876 0.000756834 3
1748884786922 0.000941192 4
1748884815921 0.0011215900000000002 5
1748884845323 0.001298028 6
1748884874210 0.0014705060000000001 7
1748884903144 0.0016390240000000002 8
1748884932179 0.001803582 9
1748884961597 0.001802 10
1748884990574 0.0017822 11
1748885019254 0.0017624 12
1748885048154 0.0017426 13
1748885076890 0.0017228 14
1748885105812 0.001703 15
1748885134528 0.0016832000000000001 16
1748885163665 0.0016634 17
1748885192362 0.0016436000000000003 18
1748885221286 0.0016238000000000001 19
1748885250419 0.0016040000000000002 20
1748885279350 0.0015842 21
1748885308335 0.0015644 22
1748885337014 0.0015446 23
1748885365758 0.0015248 24
1748885394733 0.0015049999999999998 25
1748885423519 0.0014852 26
1748885452157 0.0014654000000000002 27
1748885480980 0.0014456 28
1748885510010 0.0014258 29
1748885538910 0.001406 30
1748885567640 0.0013862 31
1748885596343 0.0013663999999999998 32
1748885625537 0.0013465999999999999 33
1748885654651 0.0013267999999999997 34
1748885683613 0.001307 35
1748885712301 0.0012872 36
1748885741145 0.0012674000000000001 37
1748885770044 0.0012476 38
1748885798988 0.0012278 39
1748885827847 0.001208 40
1748885856878 0.0011882000000000002 41
1748885885559 0.0011684000000000002 42
1748885914536 0.0011486 43
1748885943476 0.0011288000000000001 44
1748885972340 0.001109 45
1748886001410 0.0010892000000000002 46
1748886030529 0.0010694 47
1748886059391 0.0010496000000000001 48
1748886088292 0.0010298 49
1748886117235 0.00101 50
1748886146322 0.0009901999999999999 51
1748886175241 0.0009704 52
1748886204538 0.0009506 53
1748886233328 0.0009308 54
1748886262240 0.0009109999999999999 55
1748886290945 0.0008911999999999999 56
1748886320208 0.0008714 57
1748886348918 0.0008516000000000001 58
1748886378044 0.0008318000000000002 59
1748886407007 0.0008120000000000001 60
1748886436146 0.0007922000000000001 61
1748886464946 0.0007724 62
1748886498022 0.0007526000000000001 63
1748886534002 0.0007328 64
1748886570246 0.000713 65
1748886606466 0.0006931999999999999 66
1748886635123 0.0006733999999999999 67
1748886661251 0.0006536 68
1748886687412 0.0006338000000000001 69
1748886713595 0.0006140000000000001 70
1748886739870 0.0005942 71
1748886765813 0.0005744000000000001 72
1748886791194 0.0005546000000000001 73
1748886816587 0.0005348000000000001 74
1748886841705 0.000515 75
1748886866933 0.0004952 76
1748886892254 0.0004754 77
1748886918254 0.00045559999999999996 78
1748886943471 0.00043579999999999997 79
1748886969019 0.0004159999999999999 80
1748886994668 0.00039619999999999987 81
1748887019902 0.00037640000000000015 82
1748887045295 0.0003566000000000001 83
1748887070490 0.0003368000000000001 84
1748887095750 0.00031700000000000006 85
1748887120987 0.0002972 86
1748887145905 0.0002774 87
1748887171156 0.00025760000000000003 88
1748887196370 0.00023779999999999995 89
1748887221217 0.00021799999999999996 90
