1748967669805 0.00030000000000000003 0
1748967717177 0.0006138620000000001 1
1748967765394 0.000921388 2
1748967815878 0.001222578 3
1748967865546 0.001517432 4
1748967912695 0.0018059500000000002 5
1748967959464 0.0018812 6
1748968006397 0.0018614 7
1748968053344 0.0018416 8
1748968099965 0.0018218000000000002 9
1748968147870 0.001802 10
1748968194989 0.0017822 11
1748968241626 0.0017624 12
1748968288289 0.0017426 13
1748968335104 0.0017228 14
1748968381589 0.001703 15
1748968428511 0.0016832000000000001 16
1748968475539 0.0016634 17
1748968522139 0.0016436000000000003 18
1748968568917 0.0016238000000000001 19
1748968616557 0.0016040000000000002 20
1748968662365 0.0015842 21
1748968706253 0.0015644 22
1748968749315 0.0015446 23
1748968791824 0.0015248 24
1748968835370 0.0015049999999999998 25
1748968878042 0.0014852 26
1748968920799 0.0014654000000000002 27
1748968964193 0.0014456 28
1748969011975 0.0014258 29
1748969060764 0.001406 30
1748969108003 0.0013862 31
1748969154909 0.0013663999999999998 32
1748969202098 0.0013465999999999999 33
1748969247947 0.0013267999999999997 34
1748969293452 0.001307 35
1748969339059 0.0012872 36
1748969384519 0.0012674000000000001 37
1748969429155 0.0012476 38
1748969473434 0.0012278 39
1748969517928 0.001208 40
1748969562236 0.0011882000000000002 41
1748969606646 0.0011684000000000002 42
1748969656861 0.0011486 43
1748969703745 0.0011288000000000001 44
1748969751610 0.001109 45
1748969798099 0.0010892000000000002 46
1748969844944 0.0010694 47
1748969896555 0.0010496000000000001 48
1748969943827 0.0010298 49
1748969991264 0.00101 50
1748970044070 0.0009901999999999999 51
1748970094103 0.0009704 52
1748970139175 0.0009506 53
1748970183860 0.0009308 54
1748970227492 0.0009109999999999999 55
1748970274487 0.0008911999999999999 56
1748970319450 0.0008714 57
1748970364153 0.0008516000000000001 58
1748970409655 0.0008318000000000002 59
1748970457262 0.0008120000000000001 60
1748970505387 0.0007922000000000001 61
1748970550880 0.0007724 62
1748970597332 0.0007526000000000001 63
1748970641699 0.0007328 64
1748970686930 0.000713 65
1748970733311 0.0006931999999999999 66
1748970777980 0.0006733999999999999 67
1748970823225 0.0006536 68
1748970868372 0.0006338000000000001 69
1748970913613 0.0006140000000000001 70
1748970959223 0.0005942 71
1748971004171 0.0005744000000000001 72
1748971049471 0.0005546000000000001 73
1748971095105 0.0005348000000000001 74
1748971142386 0.000515 75
1748971199745 0.0004952 76
1748971245220 0.0004754 77
1748971291046 0.00045559999999999996 78
1748971335858 0.00043579999999999997 79
1748971380861 0.0004159999999999999 80
1748971426006 0.00039619999999999987 81
1748971471547 0.00037640000000000015 82
1748971515994 0.0003566000000000001 83
1748971560309 0.0003368000000000001 84
1748971603953 0.00031700000000000006 85
1748971647178 0.0002972 86
1748971691376 0.0002774 87
1748971735159 0.00025760000000000003 88
1748971778511 0.00023779999999999995 89
1748971821486 0.00021799999999999996 90
1748971865091 0.00019819999999999994 91
1748971910758 0.00017839999999999992 92
1748971961565 0.00015859999999999987 93
1748972013444 0.0001388000000000001 94
1748972065555 0.0001190000000000001 95
1748972110836 9.920000000000008e-05 96
1748972156984 7.940000000000006e-05 97
1748972202423 5.9600000000000046e-05 98
1748972250219 3.980000000000002e-05 99
