1748967670763 0.17221 0
1748967717915 0.00014 1
1748967766113 0.12625 2
1748967816605 0.34774 3
1748967866129 0.14987 4
1748967913246 0.07854 5
1748967960008 0.17163 6
1748968006949 0.12941 7
1748968053921 0.14951 8
1748968100539 0.07814 9
1748968148425 0.4471 10
1748968195543 0.29659 11
1748968242167 0.12676 12
1748968288815 0.00198 13
1748968335630 0.29853 14
1748968382189 0.25796 15
1748968429091 0.38345 16
1748968476082 0.30574 17
1748968522745 0.6496 18
1748968569448 0.33364 19
1748968617099 0.47859 20
1748968662890 0.58219 21
1748968706748 0.48225 22
1748968749817 0.47405 23
1748968792373 0.45295 24
1748968835849 0.4523 25
1748968878524 0.39485 26
1748968921280 0.36019 27
1748968964768 0.52556 28
1748969012544 0.39405 29
1748969061355 0.55147 30
1748969108528 0.53668 31
1748969155468 0.59164 32
1748969202662 0.663 33
1748969248490 0.49723 34
1748969293995 0.56934 35
1748969339575 0.76408 36
1748969385034 0.68859 37
1748969429690 0.56698 38
1748969473949 0.60093 39
1748969518448 0.7959 40
1748969562745 0.79971 41
1748969607201 0.63534 42
1748969657584 0.70116 43
1748969704277 0.74414 44
1748969752164 0.84156 45
1748969798628 0.84209 46
1748969845648 0.83159 47
1748969897473 0.79152 48
1748969944381 0.6581 49
1748969991868 0.71753 50
1748970044598 0.84061 51
1748970094738 0.84256 52
1748970139711 0.80263 53
1748970184360 0.79407 54
1748970228008 0.62869 55
1748970275052 0.62411 56
1748970319993 0.63882 57
1748970364653 0.70679 58
1748970410229 0.75507 59
1748970457854 0.56009 60
1748970505965 0.83029 61
1748970551422 0.84176 62
1748970597877 0.90525 63
1748970642185 0.77858 64
1748970687430 0.88355 65
1748970733822 0.76221 66
1748970778551 0.79066 67
1748970823723 0.78888 68
1748970868898 0.72927 69
1748970914123 0.78635 70
1748970959756 0.86235 71
1748971005028 0.91772 72
1748971050031 0.89115 73
1748971095596 0.84084 74
1748971142997 0.78001 75
1748971200297 0.88413 76
1748971245722 0.88955 77
1748971291573 0.89458 78
1748971336383 0.88956 79
1748971381378 0.89972 80
1748971426509 0.93899 81
1748971472058 0.95892 82
1748971516476 0.95883 83
1748971560828 0.9178 84
1748971604450 0.87297 85
1748971647666 0.86655 86
1748971691929 0.90222 87
1748971735630 0.9204 88
1748971779004 0.96077 89
1748971822009 0.95964 90
1748971865588 0.92439 91
1748971911450 0.93769 92
1748971962159 0.9162 93
1748972014039 0.93072 94
1748972066132 0.93926 95
1748972111703 0.93929 96
1748972157569 0.93945 97
1748972202933 0.9481 98
1748972250927 0.9482 99
1748972253743 0.9607716129032259 99
