1748967670763 0.28091 0
1748967717915 0.00072 1
1748967766113 0.53032 2
1748967816605 0.62013 3
1748967866129 0.49478 4
1748967913246 0.2532 5
1748967960008 0.483 6
1748968006949 0.5893 7
1748968053921 0.28489 8
1748968100539 0.34685 9
1748968148425 0.6062 10
1748968195543 0.44153 11
1748968242167 0.31738 12
1748968288815 0.00835 13
1748968335630 0.51308 14
1748968382189 0.58238 15
1748968429091 0.70945 16
1748968476082 0.69144 17
1748968522745 0.80681 18
1748968569448 0.466 19
1748968617099 0.73453 20
1748968662890 0.80643 21
1748968706748 0.73459 22
1748968749817 0.75078 23
1748968792373 0.70357 24
1748968835849 0.78671 25
1748968878524 0.70861 26
1748968921280 0.76172 27
1748968964768 0.94167 28
1748969012544 0.88243 29
1748969061355 0.8397 30
1748969108528 0.77324 31
1748969155468 0.92227 32
1748969202662 0.995 33
1748969248490 0.931 34
1748969293995 0.7171 35
1748969339575 0.995 36
1748969385034 0.94786 37
1748969429690 0.94786 38
1748969473949 0.995 39
1748969518448 0.995 40
1748969562745 0.995 41
1748969607201 0.995 42
1748969657584 0.91333 43
1748969704277 0.995 44
1748969752164 0.995 45
1748969798628 0.995 46
1748969845648 0.97214 47
1748969897473 0.97214 48
1748969944381 0.94786 49
1748969991868 0.92227 50
1748970044598 0.995 51
1748970094738 0.97214 52
1748970139711 0.955 53
1748970184360 0.97214 54
1748970228008 0.97214 55
1748970275052 0.915 56
1748970319993 0.97214 57
1748970364653 0.995 58
1748970410229 0.995 59
1748970457854 0.76609 60
1748970505965 0.995 61
1748970551422 0.995 62
1748970597877 0.97214 63
1748970642185 0.97214 64
1748970687430 0.995 65
1748970733822 0.995 66
1748970778551 0.995 67
1748970823723 0.995 68
1748970868898 0.995 69
1748970914123 0.995 70
1748970959756 0.995 71
1748971005028 0.995 72
1748971050031 0.995 73
1748971095596 0.995 74
1748971142997 0.995 75
1748971200297 0.995 76
1748971245722 0.995 77
1748971291573 0.995 78
1748971336383 0.995 79
1748971381378 0.995 80
1748971426509 0.995 81
1748971472058 0.995 82
1748971516476 0.995 83
1748971560828 0.995 84
1748971604450 0.995 85
1748971647666 0.995 86
1748971691929 0.995 87
1748971735630 0.995 88
1748971779004 0.995 89
1748971822009 0.995 90
1748971865588 0.995 91
1748971911450 0.995 92
1748971962159 0.995 93
1748972014039 0.995 94
1748972066132 0.995 95
1748972111703 0.995 96
1748972157569 0.995 97
1748972202933 0.995 98
1748972250927 0.995 99
1748972253743 0.995 99
