1748967670763 0.00333 0
1748967717915 0.00056 1
1748967766113 1.0 2
1748967816605 0.7453 3
1748967866129 0.52359 4
1748967913246 0.28452 5
1748967960008 0.63878 6
1748968006949 0.7045 7
1748968053921 0.32118 8
1748968100539 0.42502 9
1748968148425 0.95965 10
1748968195543 0.69473 11
1748968242167 0.40461 12
1748968288815 0.00393 13
1748968335630 1.0 14
1748968382189 1.0 15
1748968429091 1.0 16
1748968476082 0.789 17
1748968522745 1.0 18
1748968569448 0.699 19
1748968617099 0.79254 20
1748968662890 0.97729 21
1748968706748 1.0 22
1748968749817 0.94301 23
1748968792373 1.0 24
1748968835849 0.68833 25
1748968878524 0.97109 26
1748968921280 0.7635 27
1748968964768 1.0 28
1748969012544 0.95286 29
1748969061355 0.70242 30
1748969108528 1.0 31
1748969155468 0.96429 32
1748969202662 0.96579 33
1748969248490 1.0 34
1748969293995 0.76828 35
1748969339575 0.9623 36
1748969385034 0.84652 37
1748969429690 0.83047 38
1748969473949 1.0 39
1748969518448 0.87114 40
1748969562745 0.98123 41
1748969607201 0.98981 42
1748969657584 0.81506 43
1748969704277 0.998 44
1748969752164 0.97397 45
1748969798628 1.0 46
1748969845648 1.0 47
1748969897473 0.85685 48
1748969944381 0.84508 49
1748969991868 0.96583 50
1748970044598 0.98805 51
1748970094738 0.85606 52
1748970139711 0.9995 53
1748970184360 0.83912 54
1748970228008 0.83906 55
1748970275052 0.77402 56
1748970319993 0.84525 57
1748970364653 0.98899 58
1748970410229 0.9869 59
1748970457854 0.70179 60
1748970505965 0.99306 61
1748970551422 1.0 62
1748970597877 0.83902 63
1748970642185 0.84118 64
1748970687430 0.99128 65
1748970733822 0.99132 66
1748970778551 0.99007 67
1748970823723 0.98474 68
1748970868898 0.9842 69
1748970914123 0.98403 70
1748970959756 0.98937 71
1748971005028 0.99034 72
1748971050031 0.98699 73
1748971095596 0.99017 74
1748971142997 0.99212 75
1748971200297 0.99232 76
1748971245722 0.99265 77
1748971291573 0.99209 78
1748971336383 0.99219 79
1748971381378 0.99206 80
1748971426509 0.99157 81
1748971472058 0.99138 82
1748971516476 0.99206 83
1748971560828 0.99217 84
1748971604450 0.99242 85
1748971647666 0.99216 86
1748971691929 0.99204 87
1748971735630 0.99206 88
1748971779004 0.9918 89
1748971822009 0.99142 90
1748971865588 0.99111 91
1748971911450 0.99015 92
1748971962159 0.98943 93
1748972014039 0.99058 94
1748972066132 0.99129 95
1748972111703 0.99155 96
1748972157569 0.99187 97
1748972202933 0.99189 98
1748972250927 0.99193 99
1748972253743 0.9917943353296295 99
