1748967670763 1.0 0
1748967717915 0.16667 1
1748967766113 0.49957 2
1748967816605 0.66667 3
1748967866129 0.5 4
1748967913246 0.33333 5
1748967960008 0.66667 6
1748968006949 0.40899 7
1748968053921 0.5 8
1748968100539 0.5 9
1748968148425 0.5 10
1748968195543 0.5 11
1748968242167 0.5 12
1748968288815 0.66667 13
1748968335630 0.46463 14
1748968382189 0.46455 15
1748968429091 0.65635 16
1748968476082 0.63 17
1748968522745 0.63482 18
1748968569448 0.39799 19
1748968617099 0.64181 20
1748968662890 0.66667 21
1748968706748 0.63052 22
1748968749817 0.5 23
1748968792373 0.63398 24
1748968835849 0.83333 25
1748968878524 0.5 26
1748968921280 0.66667 27
1748968964768 0.82013 28
1748969012544 0.66667 29
1748969061355 0.83333 30
1748969108528 0.63808 31
1748969155468 0.83333 32
1748969202662 1.0 33
1748969248490 0.82499 34
1748969293995 0.66667 35
1748969339575 1.0 36
1748969385034 1.0 37
1748969429690 1.0 38
1748969473949 0.99945 39
1748969518448 1.0 40
1748969562745 1.0 41
1748969607201 1.0 42
1748969657584 0.83333 43
1748969704277 1.0 44
1748969752164 1.0 45
1748969798628 0.93561 46
1748969845648 0.81928 47
1748969897473 0.99795 48
1748969944381 1.0 49
1748969991868 0.83333 50
1748970044598 1.0 51
1748970094738 0.99239 52
1748970139711 0.83333 53
1748970184360 0.83333 54
1748970228008 1.0 55
1748970275052 0.83333 56
1748970319993 1.0 57
1748970364653 1.0 58
1748970410229 1.0 59
1748970457854 0.83333 60
1748970505965 1.0 61
1748970551422 0.99206 62
1748970597877 1.0 63
1748970642185 1.0 64
1748970687430 1.0 65
1748970733822 1.0 66
1748970778551 1.0 67
1748970823723 1.0 68
1748970868898 1.0 69
1748970914123 1.0 70
1748970959756 1.0 71
1748971005028 1.0 72
1748971050031 1.0 73
1748971095596 1.0 74
1748971142997 1.0 75
1748971200297 1.0 76
1748971245722 1.0 77
1748971291573 1.0 78
1748971336383 1.0 79
1748971381378 1.0 80
1748971426509 1.0 81
1748971472058 1.0 82
1748971516476 1.0 83
1748971560828 1.0 84
1748971604450 1.0 85
1748971647666 1.0 86
1748971691929 1.0 87
1748971735630 1.0 88
1748971779004 1.0 89
1748971822009 1.0 90
1748971865588 1.0 91
1748971911450 1.0 92
1748971962159 1.0 93
1748972014039 1.0 94
1748972066132 1.0 95
1748972111703 1.0 96
1748972157569 1.0 97
1748972202933 1.0 98
1748972250927 1.0 99
1748972253743 1.0 99
