1748884671400 0.24793 0
1748884700218 0.5424 1
1748884729264 0.42085 2
1748884758494 0.54142 3
1748884787539 0.25657 4
1748884816553 0.60871 5
1748884845949 0.14981 6
1748884874824 0.37571 7
1748884903727 0.37668 8
1748884932781 0.37981 9
1748884962247 0.39991 10
1748884991161 0.45531 11
1748885019835 0.49537 12
1748885048728 0.28984 13
1748885077483 0.43642 14
1748885106434 0.56233 15
1748885135104 0.49548 16
1748885164257 0.36921 17
1748885192937 0.442 18
1748885221962 0.1598 19
1748885250994 0.28951 20
1748885279933 0.08708 21
1748885308916 0.39995 22
1748885337596 0.85125 23
1748885366365 0.829 24
1748885395307 0.845 25
1748885424108 0.82483 26
1748885452751 0.69367 27
1748885481593 0.94167 28
1748885510597 0.72762 29
1748885539485 0.97214 30
1748885568234 0.995 31
1748885596928 0.97214 32
1748885626159 0.83982 33
1748885655216 0.78649 34
1748885684204 0.995 35
1748885712845 0.995 36
1748885741742 0.995 37
1748885770604 0.66771 38
1748885799548 0.65927 39
1748885828412 0.97214 40
1748885857467 0.92667 41
1748885886134 0.955 42
1748885915097 0.94786 43
1748885944038 0.955 44
1748885972945 0.7254 45
1748886002008 0.67736 46
1748886031099 0.995 47
1748886059955 0.995 48
1748886088851 0.995 49
1748886117808 0.995 50
1748886146868 0.995 51
1748886175815 0.995 52
1748886205109 0.995 53
1748886233907 0.995 54
1748886262855 0.995 55
1748886291575 0.995 56
1748886320776 0.995 57
1748886349503 0.78937 58
1748886378619 0.995 59
1748886407612 0.995 60
1748886436728 0.995 61
1748886465508 0.995 62
1748886498783 0.995 63
1748886534762 0.995 64
1748886571013 0.995 65
1748886607246 0.995 66
1748886635632 0.995 67
1748886661783 0.995 68
1748886687926 0.995 69
1748886714102 0.995 70
1748886740381 0.995 71
1748886766311 0.995 72
1748886791668 0.995 73
1748886817118 0.995 74
1748886842223 0.995 75
1748886867426 0.995 76
1748886892745 0.995 77
1748886918745 0.995 78
1748886943984 0.995 79
1748886969491 0.995 80
1748886995219 0.995 81
1748887020436 0.995 82
1748887045786 0.995 83
1748887070976 0.995 84
1748887096247 0.995 85
1748887121470 0.995 86
1748887146415 0.995 87
1748887171643 0.995 88
1748887196857 0.995 89
1748887221745 0.995 90
1748887223642 0.995 90
