1748884671400 0.08951 0
1748884700218 0.13432 1
1748884729264 0.25465 2
1748884758494 0.14854 3
1748884787539 0.14179 4
1748884816553 0.25336 5
1748884845949 0.03832 6
1748884874824 0.17812 7
1748884903727 0.15034 8
1748884932781 0.2102 9
1748884962247 0.11731 10
1748884991161 0.1552 11
1748885019835 0.3698 12
1748885048728 0.11202 13
1748885077483 0.27742 14
1748885106434 0.36995 15
1748885135104 0.37167 16
1748885164257 0.13391 17
1748885192937 0.30307 18
1748885221962 0.10476 19
1748885250994 0.19249 20
1748885279933 0.02888 21
1748885308916 0.19271 22
1748885337596 0.5181 23
1748885366365 0.58385 24
1748885395307 0.53923 25
1748885424108 0.33866 26
1748885452751 0.44893 27
1748885481593 0.55744 28
1748885510597 0.46944 29
1748885539485 0.64654 30
1748885568234 0.74652 31
1748885596928 0.59699 32
1748885626159 0.55447 33
1748885655216 0.47235 34
1748885684204 0.73603 35
1748885712845 0.65087 36
1748885741742 0.65323 37
1748885770604 0.46557 38
1748885799548 0.40964 39
1748885828412 0.705 40
1748885857467 0.68877 41
1748885886134 0.37232 42
1748885915097 0.65697 43
1748885944038 0.69243 44
1748885972945 0.42348 45
1748886002008 0.40581 46
1748886031099 0.7507 47
1748886059955 0.81681 48
1748886088851 0.69161 49
1748886117808 0.83457 50
1748886146868 0.79134 51
1748886175815 0.58692 52
1748886205109 0.72728 53
1748886233907 0.84052 54
1748886262855 0.73901 55
1748886291575 0.66249 56
1748886320776 0.68299 57
1748886349503 0.5822 58
1748886378619 0.88309 59
1748886407612 0.84156 60
1748886436728 0.79667 61
1748886465508 0.76286 62
1748886498783 0.69971 63
1748886534762 0.74215 64
1748886571013 0.85159 65
1748886607246 0.84696 66
1748886635632 0.92517 67
1748886661783 0.8654 68
1748886687926 0.90004 69
1748886714102 0.95707 70
1748886740381 0.9195 71
1748886766311 0.91944 72
1748886791668 0.85157 73
1748886817118 0.83243 74
1748886842223 0.81749 75
1748886867426 0.84318 76
1748886892745 0.88756 77
1748886918745 0.89694 78
1748886943984 0.85609 79
1748886969491 0.87403 80
1748886995219 0.91935 81
1748887020436 0.9463 82
1748887045786 0.89795 83
1748887070976 0.87247 84
1748887096247 0.88623 85
1748887121470 0.86665 86
1748887146415 0.83925 87
1748887171643 0.84436 88
1748887196857 0.84852 89
1748887221745 0.87674 90
1748887223642 0.9570731135531135 90
