1748884671400 0.00333 0
1748884700218 0.00333 1
1748884729264 0.00333 2
1748884758494 0.00278 3
1748884787539 0.42655 4
1748884816553 0.95987 5
1748884845949 0.44696 6
1748884874824 0.49477 7
1748884903727 0.89694 8
1748884932781 0.47123 9
1748884962247 0.83323 10
1748884991161 0.56213 11
1748885019835 0.54375 12
1748885048728 0.62072 13
1748885077483 0.88196 14
1748885106434 0.96729 15
1748885135104 0.78191 16
1748885164257 0.58635 17
1748885192937 0.72294 18
1748885221962 0.16116 19
1748885250994 0.58339 20
1748885279933 0.20248 21
1748885308916 0.4351 22
1748885337596 0.94382 23
1748885366365 0.57207 24
1748885395307 1.0 25
1748885424108 0.67681 26
1748885452751 0.82958 27
1748885481593 0.94427 28
1748885510597 0.6288 29
1748885539485 0.96359 30
1748885568234 0.99042 31
1748885596928 0.97695 32
1748885626159 0.94432 33
1748885655216 1.0 34
1748885684204 0.84872 35
1748885712845 0.98545 36
1748885741742 1.0 37
1748885770604 0.97449 38
1748885799548 0.95493 39
1748885828412 1.0 40
1748885857467 0.8146 41
1748885886134 0.97394 42
1748885915097 0.85367 43
1748885944038 0.98522 44
1748885972945 0.67324 45
1748886002008 0.619 46
1748886031099 0.85481 47
1748886059955 0.9709 48
1748886088851 0.99117 49
1748886117808 0.95765 50
1748886146868 0.97286 51
1748886175815 0.98958 52
1748886205109 0.98823 53
1748886233907 0.9865 54
1748886262855 0.98467 55
1748886291575 0.98207 56
1748886320776 0.99409 57
1748886349503 0.77189 58
1748886378619 1.0 59
1748886407612 1.0 60
1748886436728 1.0 61
1748886465508 1.0 62
1748886498783 1.0 63
1748886534762 1.0 64
1748886571013 0.99368 65
1748886607246 0.98936 66
1748886635632 0.98817 67
1748886661783 0.98816 68
1748886687926 0.99149 69
1748886714102 0.99201 70
1748886740381 0.99195 71
1748886766311 0.99122 72
1748886791668 0.9875 73
1748886817118 0.98202 74
1748886842223 0.98706 75
1748886867426 0.99201 76
1748886892745 0.99195 77
1748886918745 0.99198 78
1748886943984 0.99106 79
1748886969491 0.98198 80
1748886995219 0.99201 81
1748887020436 0.99213 82
1748887045786 0.99216 83
1748887070976 0.99213 84
1748887096247 0.99206 85
1748887121470 0.9922 86
1748887146415 0.98784 87
1748887171643 0.98818 88
1748887196857 0.99152 89
1748887221745 0.99205 90
1748887223642 0.9919988267970303 90
