1748884671400 1.0 0
1748884700218 1.0 1
1748884729264 1.0 2
1748884758494 0.83333 3
1748884787539 0.16667 4
1748884816553 0.5 5
1748884845949 0.16667 6
1748884874824 0.49129 7
1748884903727 0.33333 8
1748884932781 0.33333 9
1748884962247 0.33333 10
1748884991161 0.5 11
1748885019835 0.5 12
1748885048728 0.33333 13
1748885077483 0.33333 14
1748885106434 0.5 15
1748885135104 0.5 16
1748885164257 0.33333 17
1748885192937 0.5 18
1748885221962 0.5 19
1748885250994 0.33333 20
1748885279933 0.16667 21
1748885308916 0.5 22
1748885337596 0.66667 23
1748885366365 0.89526 24
1748885395307 0.66457 25
1748885424108 0.83333 26
1748885452751 0.5 27
1748885481593 0.83333 28
1748885510597 0.66667 29
1748885539485 0.83333 30
1748885568234 1.0 31
1748885596928 0.83333 32
1748885626159 0.66667 33
1748885655216 0.65084 34
1748885684204 1.0 35
1748885712845 1.0 36
1748885741742 0.96542 37
1748885770604 0.5 38
1748885799548 0.5 39
1748885828412 0.82644 40
1748885857467 0.83333 41
1748885886134 0.83333 42
1748885915097 0.97571 43
1748885944038 0.83333 44
1748885972945 0.83333 45
1748886002008 0.83333 46
1748886031099 1.0 47
1748886059955 1.0 48
1748886088851 1.0 49
1748886117808 1.0 50
1748886146868 1.0 51
1748886175815 1.0 52
1748886205109 1.0 53
1748886233907 1.0 54
1748886262855 1.0 55
1748886291575 1.0 56
1748886320776 1.0 57
1748886349503 0.83333 58
1748886378619 0.98584 59
1748886407612 0.99751 60
1748886436728 0.99642 61
1748886465508 0.9928 62
1748886498783 0.98934 63
1748886534762 0.99028 64
1748886571013 1.0 65
1748886607246 1.0 66
1748886635632 1.0 67
1748886661783 1.0 68
1748886687926 1.0 69
1748886714102 1.0 70
1748886740381 1.0 71
1748886766311 1.0 72
1748886791668 1.0 73
1748886817118 1.0 74
1748886842223 1.0 75
1748886867426 1.0 76
1748886892745 1.0 77
1748886918745 1.0 78
1748886943984 1.0 79
1748886969491 1.0 80
1748886995219 1.0 81
1748887020436 1.0 82
1748887045786 1.0 83
1748887070976 1.0 84
1748887096247 1.0 85
1748887121470 1.0 86
1748887146415 1.0 87
1748887171643 1.0 88
1748887196857 1.0 89
1748887221745 1.0 90
1748887223642 1.0 90
