1748967669805 1.36138 0
1748967717177 1.1126 1
1748967765394 1.10928 2
1748967815878 1.13333 3
1748967865546 1.10537 4
1748967912695 1.09941 5
1748967959464 1.17493 6
1748968006397 1.17448 7
1748968053344 1.04677 8
1748968099965 1.03542 9
1748968147870 1.03905 10
1748968194989 1.05267 11
1748968241626 1.05978 12
1748968288289 0.96054 13
1748968335104 0.97264 14
1748968381589 0.90954 15
1748968428511 0.92546 16
1748968475539 0.94085 17
1748968522139 0.98234 18
1748968568917 0.93976 19
1748968616557 0.85935 20
1748968662365 0.87446 21
1748968706253 0.85504 22
1748968749315 0.87426 23
1748968791824 0.7695 24
1748968835370 0.79935 25
1748968878042 0.75361 26
1748968920799 0.78412 27
1748968964193 0.74472 28
1748969011975 0.74873 29
1748969060764 0.7404 30
1748969108003 0.72636 31
1748969154909 0.73138 32
1748969202098 0.70206 33
1748969247947 0.7555 34
1748969293452 0.70425 35
1748969339059 0.66876 36
1748969384519 0.66595 37
1748969429155 0.67761 38
1748969473434 0.64536 39
1748969517928 0.62932 40
1748969562236 0.58643 41
1748969606646 0.61767 42
1748969656861 0.61439 43
1748969703745 0.626 44
1748969751610 0.64373 45
1748969798099 0.62126 46
1748969844944 0.62678 47
1748969896555 0.59804 48
1748969943827 0.61732 49
1748969991264 0.57766 50
1748970044070 0.59078 51
1748970094103 0.55745 52
1748970139175 0.56422 53
1748970183860 0.56617 54
1748970227492 0.5486 55
1748970274487 0.55459 56
1748970319450 0.56085 57
1748970364153 0.49257 58
1748970409655 0.54046 59
1748970457262 0.51534 60
1748970505387 0.53043 61
1748970550880 0.52716 62
1748970597332 0.50903 63
1748970641699 0.5069 64
1748970686930 0.47384 65
1748970733311 0.48066 66
1748970777980 0.47563 67
1748970823225 0.49429 68
1748970868372 0.48092 69
1748970913613 0.47514 70
1748970959223 0.4571 71
1748971004171 0.47121 72
1748971049471 0.43568 73
1748971095105 0.42151 74
1748971142386 0.42559 75
1748971199745 0.43661 76
1748971245220 0.42195 77
1748971291046 0.4182 78
1748971335858 0.4338 79
1748971380861 0.41593 80
1748971426006 0.41364 81
1748971471547 0.41718 82
1748971515994 0.38077 83
1748971560309 0.41084 84
1748971603953 0.3743 85
1748971647178 0.3759 86
1748971691376 0.40024 87
1748971735159 0.37268 88
1748971778511 0.38611 89
1748971821486 0.2412 90
1748971865091 0.23102 91
1748971910758 0.21787 92
1748971961565 0.21413 93
1748972013444 0.20274 94
1748972065555 0.19497 95
1748972110836 0.20603 96
1748972156984 0.18872 97
1748972202423 0.18992 98
1748972250219 0.18323 99
