1748967669805 2.45007 0
1748967717177 1.79671 1
1748967765394 1.64128 2
1748967815878 1.63577 3
1748967865546 1.48139 4
1748967912695 1.46854 5
1748967959464 1.40845 6
1748968006397 1.37429 7
1748968053344 1.26189 8
1748968099965 1.18218 9
1748968147870 1.14128 10
1748968194989 1.12178 11
1748968241626 1.17812 12
1748968288289 1.08428 13
1748968335104 1.08141 14
1748968381589 0.96309 15
1748968428511 0.94374 16
1748968475539 0.95215 17
1748968522139 0.92629 18
1748968568917 0.93654 19
1748968616557 0.91912 20
1748968662365 0.88269 21
1748968706253 0.84035 22
1748968749315 0.84317 23
1748968791824 0.76533 24
1748968835370 0.76347 25
1748968878042 0.74096 26
1748968920799 0.72616 27
1748968964193 0.72445 28
1748969011975 0.71866 29
1748969060764 0.69934 30
1748969108003 0.70245 31
1748969154909 0.68036 32
1748969202098 0.66088 33
1748969247947 0.69245 34
1748969293452 0.6508 35
1748969339059 0.61882 36
1748969384519 0.6314 37
1748969429155 0.61382 38
1748969473434 0.59987 39
1748969517928 0.61381 40
1748969562236 0.57147 41
1748969606646 0.56257 42
1748969656861 0.57656 43
1748969703745 0.57641 44
1748969751610 0.56928 45
1748969798099 0.57542 46
1748969844944 0.56595 47
1748969896555 0.53352 48
1748969943827 0.56325 49
1748969991264 0.54036 50
1748970044070 0.52868 51
1748970094103 0.52419 52
1748970139175 0.52358 53
1748970183860 0.56688 54
1748970227492 0.51092 55
1748970274487 0.51078 56
1748970319450 0.51364 57
1748970364153 0.45006 58
1748970409655 0.47636 59
1748970457262 0.47607 60
1748970505387 0.48128 61
1748970550880 0.48402 62
1748970597332 0.46351 63
1748970641699 0.46153 64
1748970686930 0.46124 65
1748970733311 0.44221 66
1748970777980 0.45205 67
1748970823225 0.45763 68
1748970868372 0.44431 69
1748970913613 0.43075 70
1748970959223 0.4229 71
1748971004171 0.42171 72
1748971049471 0.39955 73
1748971095105 0.38238 74
1748971142386 0.40837 75
1748971199745 0.39451 76
1748971245220 0.39691 77
1748971291046 0.39178 78
1748971335858 0.3977 79
1748971380861 0.4059 80
1748971426006 0.38317 81
1748971471547 0.38854 82
1748971515994 0.37411 83
1748971560309 0.38128 84
1748971603953 0.37958 85
1748971647178 0.35717 86
1748971691376 0.36969 87
1748971735159 0.36337 88
1748971778511 0.35344 89
1748971821486 0.29365 90
1748971865091 0.24632 91
1748971910758 0.22409 92
1748971961565 0.21916 93
1748972013444 0.20524 94
1748972065555 0.20177 95
1748972110836 0.20694 96
1748972156984 0.19464 97
1748972202423 0.19512 98
1748972250219 0.18643 99
