1748967669805 1.7911 0
1748967717177 1.55438 1
1748967765394 1.5424 2
1748967815878 1.58716 3
1748967865546 1.52662 4
1748967912695 1.53739 5
1748967959464 1.56515 6
1748968006397 1.56484 7
1748968053344 1.45222 8
1748968099965 1.45465 9
1748968147870 1.46844 10
1748968194989 1.48853 11
1748968241626 1.46814 12
1748968288289 1.43041 13
1748968335104 1.40064 14
1748968381589 1.36475 15
1748968428511 1.37192 16
1748968475539 1.37702 17
1748968522139 1.42336 18
1748968568917 1.3977 19
1748968616557 1.33112 20
1748968662365 1.34822 21
1748968706253 1.33581 22
1748968749315 1.33201 23
1748968791824 1.25434 24
1748968835370 1.29388 25
1748968878042 1.2467 26
1748968920799 1.26357 27
1748968964193 1.263 28
1748969011975 1.23337 29
1748969060764 1.25261 30
1748969108003 1.21159 31
1748969154909 1.22317 32
1748969202098 1.19983 33
1748969247947 1.26202 34
1748969293452 1.21956 35
1748969339059 1.21186 36
1748969384519 1.18157 37
1748969429155 1.22079 38
1748969473434 1.1619 39
1748969517928 1.1669 40
1748969562236 1.14623 41
1748969606646 1.16634 42
1748969656861 1.17126 43
1748969703745 1.17489 44
1748969751610 1.18129 45
1748969798099 1.14793 46
1748969844944 1.14687 47
1748969896555 1.1783 48
1748969943827 1.15732 49
1748969991264 1.12145 50
1748970044070 1.14019 51
1748970094103 1.12177 52
1748970139175 1.11811 53
1748970183860 1.13487 54
1748970227492 1.11244 55
1748970274487 1.11965 56
1748970319450 1.13706 57
1748970364153 1.08249 58
1748970409655 1.10335 59
1748970457262 1.10334 60
1748970505387 1.08361 61
1748970550880 1.09726 62
1748970597332 1.09142 63
1748970641699 1.08213 64
1748970686930 1.06379 65
1748970733311 1.08037 66
1748970777980 1.06257 67
1748970823225 1.09182 68
1748970868372 1.05446 69
1748970913613 1.06666 70
1748970959223 1.05182 71
1748971004171 1.04248 72
1748971049471 1.04156 73
1748971095105 1.01407 74
1748971142386 1.03732 75
1748971199745 1.03931 76
1748971245220 1.04163 77
1748971291046 1.05168 78
1748971335858 1.05915 79
1748971380861 1.04605 80
1748971426006 1.01832 81
1748971471547 1.04454 82
1748971515994 1.00355 83
1748971560309 1.03639 84
1748971603953 1.01975 85
1748971647178 1.00863 86
1748971691376 1.01304 87
1748971735159 1.01446 88
1748971778511 1.02034 89
1748971821486 0.94458 90
1748971865091 0.93505 91
1748971910758 0.92437 92
1748971961565 0.91575 93
1748972013444 0.91478 94
1748972065555 0.89349 95
1748972110836 0.9262 96
1748972156984 0.91949 97
1748972202423 0.89102 98
1748972250219 0.88811 99
